(-6.18, 1.09, -5.28) | 0.1962 | 0 
(-6.17, 1.09, -5.26) | 0.9467716 | 0.02 
(-5.25, 1.80, -2.67) | 15.63145 | 0.3533334 
(-5.01, 1.98, -2.06) | 17.36076 | 0.3919349 
(-4.88, 2.08, -1.73) | 18.21488 | 0.4076266 
(-4.74, 2.19, -1.40) | 19.0598 | 0.4258365 
(-4.59, 2.30, -1.04) | 19.89392 | 0.4501731 
(-4.43, 2.42, -0.68) | 20.7151 | 0.4623671 
(-4.25, 2.54, -0.31) | 21.52052 | 0.4864093 
(-4.07, 2.67, 0.08) | 22.30642 | 0.5049989 
(-3.87, 2.81, 0.47) | 23.06785 | 0.5288804 
(-3.66, 2.95, 0.87) | 23.79853 | 0.5410345 
(-3.55, 3.10, 1.30) | 23.24841 | 0.5684066 
(-3.44, 3.27, 1.72) | 23.25729 | 0.5889381 
(-3.34, 3.43, 2.16) | 23.46155 | 0.6017534 
(-3.22, 3.60, 2.58) | 23.82508 | 0.6259161 
(-3.08, 3.78, 3.01) | 24.1427 | 0.6441631 
(-2.93, 3.96, 3.43) | 24.41814 | 0.662249 
(-2.76, 4.16, 3.85) | 24.65587 | 0.6804488 
(-2.57, 4.36, 4.27) | 24.86074 | 0.7107881 
(-2.36, 4.57, 4.67) | 25.0377 | 0.7236454 
(-2.15, 4.78, 5.07) | 25.19159 | 0.7420166 
(-1.91, 5.01, 5.46) | 25.327 | 0.7713777 
(-1.67, 5.25, 5.84) | 25.44815 | 0.7834823 
(-1.41, 5.49, 6.21) | 25.55889 | 0.8077073 
(-1.13, 5.74, 6.56) | 25.66268 | 0.8259227 
(-0.82, 6.05, 6.78) | 24.91706 | 0.8440778 
(-0.50, 6.35, 7.03) | 25.18563 | 0.8623109 
(-0.17, 6.66, 7.26) | 25.45731 | 0.8953421 
(0.18, 6.98, 7.48) | 25.73372 | 0.9002845 
(0.53, 7.31, 7.68) | 26.01643 | 0.9230204 
(0.88, 7.64, 7.87) | 26.30692 | 0.9416088 
(1.25, 7.99, 8.04) | 26.60661 | 0.9652852 
(1.63, 8.34, 8.19) | 26.91686 | 0.9837098 
(2.01, 8.71, 8.32) | 27.23899 | 1.007704 
(2.39, 9.09, 8.44) | 27.5742 | 1.026479 
(2.78, 9.47, 8.54) | 27.92369 | 1.050177 
(3.18, 9.87, 8.62) | 28.28853 | 1.062253 
(3.58, 10.28, 8.68) | 28.66974 | 1.08044 
(3.98, 10.69, 8.72) | 29.06821 | 1.11071 
(4.38, 11.12, 8.74) | 29.48476 | 1.123026 
(5.19, 12.02, 8.73) | 30.35497 | 1.169517 
(5.59, 12.48, 8.70) | 30.8293 | 1.184882 
(6.00, 12.96, 8.64) | 31.32382 | 1.201858 
(6.40, 13.45, 8.57) | 31.83885 | 1.221347 
(6.80, 13.95, 8.47) | 32.37466 | 1.244215 
(7.19, 14.47, 8.36) | 32.9315 | 1.260303 
(7.58, 14.99, 8.22) | 33.5096 | 1.280534 
(7.97, 15.53, 8.07) | 34.10923 | 1.304786 
(8.35, 16.09, 7.90) | 34.73066 | 1.330742 
(8.72, 16.66, 7.71) | 35.3742 | 1.344527 
(9.09, 17.24, 7.50) | 36.04013 | 1.3722 
(9.45, 17.84, 7.27) | 36.72871 | 1.383622 
(9.80, 18.45, 7.02) | 37.44012 | 1.401763 
(10.14, 19.07, 6.77) | 37.3069 | 1.425723 
(10.47, 19.68, 6.51) | 37.14619 | 1.443848 
(10.79, 20.29, 6.24) | 36.95827 | 1.461935 
(11.10, 20.90, 5.97) | 36.74352 | 1.482515 
(11.40, 21.50, 5.69) | 36.50233 | 1.502262 
(11.69, 22.10, 5.40) | 36.23521 | 1.521569 
(12.23, 23.29, 4.82) | 35.62567 | 1.563914 
(12.48, 23.88, 4.52) | 35.2847 | 1.596541 
(12.72, 24.46, 4.22) | 34.92072 | 1.603426 
(12.95, 25.04, 3.91) | 34.53465 | 1.639559 
(13.36, 26.17, 3.29) | 33.70022 | 1.665548 
(13.55, 26.72, 2.97) | 33.25393 | 1.685074 
(13.72, 27.27, 2.65) | 32.7896 | 1.714528 
(13.88, 27.80, 2.32) | 32.30821 | 1.724491 
(14.03, 28.33, 2.00) | 31.81081 | 1.75033 
(14.16, 28.85, 1.67) | 31.29847 | 1.76057 
(14.28, 29.35, 1.34) | 30.77228 | 1.787845 
(14.38, 29.85, 1.01) | 30.23343 | 1.811483 
(14.47, 30.33, 0.68) | 29.68314 | 1.824385 
(14.54, 30.81, 0.35) | 29.12277 | 1.843734 
(14.60, 31.27, 0.01) | 28.55381 | 1.862092 
(14.65, 31.71, -0.32) | 27.97785 | 1.880112 
(14.67, 32.15, -0.65) | 27.39667 | 1.904363 
(14.69, 32.57, -0.98) | 26.8122 | 1.923367 
(14.68, 32.98, -1.31) | 26.22655 | 1.946948 
(14.67, 33.37, -1.64) | 25.642 | 1.968898 
(14.63, 33.75, -1.97) | 25.06104 | 1.984706 
(14.59, 34.11, -2.30) | 24.48635 | 2.007571 
(14.52, 34.45, -2.62) | 23.92085 | 2.020124 
(14.44, 34.79, -2.94) | 23.36763 | 2.04085 
(14.35, 35.10, -3.26) | 22.83003 | 2.062676 
(14.24, 35.40, -3.58) | 22.31159 | 2.080791 
(14.12, 35.68, -3.89) | 21.81604 | 2.110529 
(13.98, 35.94, -4.20) | 21.34723 | 2.123195 
(13.83, 36.18, -4.50) | 20.90912 | 2.14675 
(13.66, 36.41, -4.80) | 20.5057 | 2.164965 
(13.48, 36.62, -5.09) | 20.14088 | 2.182279 
(13.28, 36.81, -5.38) | 19.81843 | 2.201363 
(13.07, 36.98, -5.66) | 19.54184 | 2.225609 
(12.85, 37.13, -5.94) | 19.31423 | 2.243983 
(12.62, 37.26, -6.21) | 19.13824 | 2.265951 
(12.37, 37.38, -6.47) | 19.01595 | 2.280227 
(12.10, 37.47, -6.73) | 18.94878 | 2.304311 
(11.83, 37.55, -6.98) | 18.93743 | 2.327204 
(11.54, 37.60, -7.22) | 18.98192 | 2.340774 
(11.25, 37.64, -7.46) | 19.0815 | 2.364463 
(10.94, 37.66, -7.68) | 19.23477 | 2.383117 
(10.62, 37.66, -7.90) | 19.4397 | 2.407498 
(10.28, 37.63, -8.12) | 19.69373 | 2.425501 
(9.94, 37.59, -8.32) | 19.99384 | 2.4437 
(9.59, 37.53, -8.51) | 20.33671 | 2.462001 
(9.23, 37.45, -8.70) | 20.71874 | 2.480105 
(8.86, 37.35, -8.88) | 21.13624 | 2.509077 
(8.48, 37.23, -9.05) | 21.58545 | 2.522593 
(8.09, 37.10, -9.21) | 22.06263 | 2.545512 
(7.69, 36.94, -9.35) | 22.56415 | 2.569839 
(7.29, 36.77, -9.50) | 23.08647 | 2.580864 
(6.88, 36.57, -9.63) | 23.62625 | 2.601344 
(6.46, 36.36, -9.75) | 24.18027 | 2.625576 
(6.04, 36.14, -9.86) | 24.74554 | 2.643713 
(5.61, 35.89, -9.96) | 25.31919 | 2.66222 
(5.17, 35.63, -10.05) | 25.89856 | 2.680159 
(4.73, 35.34, -10.13) | 26.48109 | 2.704433 
(4.28, 35.05, -10.20) | 27.06439 | 2.721378 
(3.83, 34.73, -10.26) | 27.64615 | 2.741478 
(3.38, 34.40, -10.31) | 28.22416 | 2.770302 
(2.92, 34.05, -10.34) | 28.79627 | 2.783903 
(2.46, 33.69, -10.37) | 29.36038 | 2.806829 
(1.99, 33.31, -10.39) | 29.91445 | 2.825571 
(1.53, 32.92, -10.39) | 30.45643 | 2.84359 
(1.06, 32.52, -10.39) | 30.98426 | 2.862154 
(0.59, 32.10, -10.37) | 31.49596 | 2.885195 
(0.12, 31.66, -10.34) | 31.98959 | 2.904948 
(-0.35, 31.22, -10.30) | 32.46333 | 2.921936 
(-0.82, 30.76, -10.24) | 32.91544 | 2.940835 
(-1.29, 30.29, -10.18) | 33.34431 | 2.966137 
(-1.76, 29.81, -10.10) | 33.74845 | 2.983193 
(-2.22, 29.32, -10.02) | 34.12651 | 3.001377 
(-2.69, 28.82, -9.92) | 34.47733 | 3.024062 
(-3.15, 28.31, -9.80) | 34.79988 | 3.043726 
(-3.61, 27.79, -9.68) | 35.09328 | 3.06189 
(-4.06, 27.26, -9.55) | 35.35684 | 3.080258 
(-4.51, 26.73, -9.40) | 35.58995 | 3.10899 
(-4.95, 26.19, -9.24) | 35.79214 | 3.122617 
(-5.39, 25.65, -9.07) | 35.96304 | 3.140729 
(-5.82, 25.10, -8.89) | 36.10231 | 3.165079 
(-6.24, 24.54, -8.70) | 36.20974 | 3.186897 
(-6.66, 23.98, -8.50) | 36.28511 | 3.201382 
(-7.07, 23.42, -8.29) | 36.3283 | 3.224501 
(-7.47, 22.85, -8.06) | 36.33928 | 3.243784 
(-7.86, 22.29, -7.83) | 36.3181 | 3.260881 
(-8.24, 21.72, -7.59) | 36.26498 | 3.28016 
(-8.61, 21.15, -7.34) | 36.18031 | 3.304313 
(-8.97, 20.58, -7.08) | 36.06459 | 3.327648 
(-9.32, 20.02, -6.81) | 35.91853 | 3.346802 
(-9.66, 19.45, -6.54) | 35.74292 | 3.365016 
(-9.98, 18.89, -6.25) | 35.53867 | 3.383443 
(-10.30, 18.33, -5.96) | 35.30669 | 3.401329 
(-10.61, 17.77, -5.66) | 34.79713 | 3.425577 
(-10.90, 17.24, -5.35) | 34.16498 | 3.448705 
(-11.18, 16.73, -5.02) | 33.57825 | 3.461974 
(-11.44, 16.23, -4.67) | 33.03663 | 3.490057 
(-11.69, 15.76, -4.31) | 32.53965 | 3.504375 
(-11.93, 15.30, -3.93) | 32.08669 | 3.527989 
(-12.14, 14.85, -3.53) | 31.67702 | 3.54075 
(-12.34, 14.42, -3.12) | 31.30981 | 3.56372 
(-12.52, 14.01, -2.70) | 30.98417 | 3.583232 
(-12.69, 13.61, -2.26) | 30.69908 | 3.605165 
(-12.83, 13.23, -1.81) | 30.45347 | 3.630562 
(-12.96, 12.86, -1.34) | 30.24613 | 3.641991 
(-13.07, 12.51, -0.87) | 30.07576 | 3.661983 
(-13.16, 12.17, -0.38) | 29.9409 | 3.686233 
(-13.22, 11.85, 0.11) | 29.83997 | 3.70452 
(-13.27, 11.53, 0.62) | 29.77129 | 3.722681 
(-13.30, 11.24, 1.13) | 29.73305 | 3.740857 
(-13.30, 10.95, 1.66) | 29.72339 | 3.765015 
(-13.28, 10.68, 2.18) | 29.74037 | 3.781849 
(-13.25, 10.42, 2.72) | 29.78205 | 3.801374 
(-13.18, 10.17, 3.26) | 29.84649 | 3.830347 
(-13.10, 9.94, 3.80) | 29.93175 | 3.84386 
(-13.00, 9.72, 4.35) | 30.03597 | 3.86693 
(-12.87, 9.51, 4.90) | 30.15733 | 3.880219 
(-12.72, 9.31, 5.45) | 30.29406 | 3.903144 
(-12.54, 9.12, 6.01) | 30.44448 | 3.922703 
(-12.35, 8.94, 6.56) | 30.60697 | 3.944934 
(-12.13, 8.78, 7.11) | 30.77998 | 3.964974 
(-11.89, 8.62, 7.66) | 30.96203 | 3.98204 
(-11.62, 8.48, 8.20) | 31.1517 | 4.001274 
(-11.33, 8.35, 8.74) | 31.34763 | 4.025559 
(-11.02, 8.22, 9.28) | 31.54855 | 4.043999 
(-10.69, 8.11, 9.81) | 31.75324 | 4.062118 
(-10.34, 8.01, 10.33) | 31.96058 | 4.085353 
(-9.96, 7.92, 10.85) | 32.16951 | 4.104397 
(-9.56, 7.84, 11.35) | 32.37911 | 4.122504 
(-9.15, 7.77, 11.85) | 32.58855 | 4.140858 
(-8.71, 7.71, 12.33) | 32.79712 | 4.17006 
(-8.25, 7.66, 12.80) | 33.00425 | 4.183235 
(-7.77, 7.62, 13.26) | 33.20951 | 4.206006 
(-7.27, 7.59, 13.71) | 33.41261 | 4.22572 
(-6.75, 7.57, 14.14) | 33.61338 | 4.247395 
(-6.22, 7.56, 14.55) | 33.81181 | 4.262034 
(-5.67, 7.56, 14.95) | 34.00796 | 4.284852 
(-5.10, 7.57, 15.33) | 34.20202 | 4.304382 
(-4.52, 7.59, 15.69) | 34.39426 | 4.321243 
(-3.92, 7.62, 16.03) | 34.58502 | 4.341781 
(-3.30, 7.67, 16.36) | 34.7747 | 4.365078 
(-2.67, 7.72, 16.66) | 34.96376 | 4.387903 
(-2.03, 7.78, 16.94) | 35.15269 | 4.407476 
(-1.38, 7.85, 17.20) | 35.34201 | 4.425689 
(-0.72, 7.94, 17.44) | 35.5323 | 4.444204 
(-0.04, 8.03, 17.66) | 35.72413 | 4.462039 
(0.64, 8.13, 17.85) | 35.91813 | 4.480143 
(1.33, 8.25, 18.02) | 36.11489 | 4.508999 
(2.04, 8.37, 18.17) | 36.31506 | 4.522575 
(2.74, 8.51, 18.29) | 36.51922 | 4.55757 
(3.46, 8.66, 18.38) | 36.728 | 4.561342 
(4.17, 8.81, 18.45) | 36.94196 | 4.587976 
(4.90, 8.98, 18.50) | 37.16166 | 4.601416 
(5.62, 9.16, 18.52) | 37.38764 | 4.624273 
(6.35, 9.35, 18.51) | 37.6204 | 4.643827 
(7.08, 9.56, 18.47) | 37.86043 | 4.660528 
(7.81, 9.77, 18.41) | 38.10818 | 4.68026 
(8.53, 9.98, 18.33) | 37.78333 | 4.70218 
(9.24, 10.19, 18.23) | 37.44544 | 4.722527 
(9.94, 10.40, 18.11) | 37.09555 | 4.746762 
(10.63, 10.61, 17.97) | 36.7348 | 4.765015 
(11.31, 10.82, 17.81) | 36.36446 | 4.783144 
(11.98, 11.02, 17.63) | 35.98594 | 4.801458 
(12.63, 11.22, 17.44) | 35.6008 | 4.825593 
(13.27, 11.42, 17.22) | 35.21075 | 4.842542 
(13.90, 11.62, 16.98) | 34.81757 | 4.861911 
(14.50, 11.81, 16.73) | 34.42317 | 4.880109 
(15.10, 12.00, 16.45) | 34.02951 | 4.904333 
(15.67, 12.19, 16.16) | 33.63858 | 4.927364 
(16.23, 12.37, 15.85) | 33.25237 | 4.940779 
(16.78, 12.55, 15.52) | 32.8729 | 4.963613 
(17.30, 12.72, 15.18) | 32.50216 | 4.983326 
(17.80, 12.89, 14.82) | 32.14212 | 5.004961 
(18.29, 13.06, 14.44) | 31.79476 | 5.025546 
(18.75, 13.22, 14.05) | 31.46199 | 5.042693 
(19.20, 13.38, 13.64) | 31.14571 | 5.061952 
(19.62, 13.53, 13.22) | 30.84776 | 5.086258 
(20.02, 13.67, 12.78) | 30.56988 | 5.104316 
(20.40, 13.81, 12.33) | 30.31372 | 5.122636 
(20.76, 13.95, 11.87) | 30.0808 | 5.141029 
(21.10, 14.08, 11.39) | 29.87247 | 5.165134 
(21.41, 14.20, 10.90) | 29.68995 | 5.187743 
(21.70, 14.32, 10.40) | 29.53423 | 5.201356 
(21.96, 14.43, 9.89) | 29.40617 | 5.224252 
(22.21, 14.54, 9.36) | 29.30643 | 5.243804 
(22.43, 14.64, 8.83) | 29.23546 | 5.260708 
(22.62, 14.73, 8.29) | 29.19359 | 5.280086 
(22.79, 14.82, 7.74) | 29.1809 | 5.307696 
(22.94, 14.90, 7.18) | 29.19733 | 5.3226 
(23.06, 14.97, 6.61) | 29.24261 | 5.340797 
(23.16, 15.04, 6.04) | 29.31627 | 5.369635 
(23.23, 15.10, 5.45) | 29.41764 | 5.383465 
(23.28, 15.15, 4.87) | 29.54583 | 5.40606 
(23.31, 15.19, 4.28) | 29.69976 | 5.425663 
(23.31, 15.23, 3.68) | 29.87819 | 5.442477 
(23.28, 15.26, 3.08) | 30.07968 | 5.460796 
(23.23, 15.29, 2.48) | 30.30272 | 5.486201 
(23.16, 15.30, 1.87) | 30.54566 | 5.504326 
(23.06, 15.31, 1.26) | 30.80683 | 5.522979 
(22.94, 15.31, 0.65) | 31.0845 | 5.540905 
(22.79, 15.30, 0.04) | 31.37693 | 5.565094 
(22.62, 15.29, -0.57) | 31.6824 | 5.587986 
(22.43, 15.27, -1.18) | 31.99921 | 5.601687 
(22.21, 15.24, -1.79) | 32.32567 | 5.624613 
(21.97, 15.21, -2.39) | 32.66013 | 5.64222 
(21.71, 15.16, -3.00) | 33.00099 | 5.666962 
(21.42, 15.11, -3.60) | 33.34667 | 5.680203 
(21.11, 15.06, -4.19) | 33.69564 | 5.703072 
(20.78, 14.99, -4.79) | 34.04645 | 5.722623 
(20.43, 14.92, -5.37) | 34.39769 | 5.74005 
(20.06, 14.84, -5.96) | 34.74804 | 5.763874 
(19.67, 14.76, -6.53) | 35.09623 | 5.783132 
(19.25, 14.67, -7.10) | 35.44109 | 5.801459 
(18.82, 14.57, -7.66) | 35.78152 | 5.825613 
(18.37, 14.46, -8.21) | 36.11647 | 5.848638 
(17.90, 14.35, -8.76) | 36.44497 | 5.862077 
(17.41, 14.24, -9.29) | 36.76607 | 5.884834 
(16.90, 14.11, -9.82) | 37.07885 | 5.90449 
(16.37, 13.98, -10.34) | 37.38239 | 5.926382 
(15.83, 13.85, -10.84) | 37.6758 | 5.940852 
(15.27, 13.71, -11.34) | 37.95816 | 5.963711 
(14.70, 13.56, -11.82) | 38.22853 | 5.983162 
(14.11, 13.41, -12.29) | 38.486 | 6.000195 
(13.50, 13.25, -12.74) | 38.72964 | 6.025538 
(12.88, 13.09, -13.19) | 38.95856 | 6.043942 
(12.25, 12.92, -13.62) | 39.17188 | 6.066767 
(11.60, 12.75, -14.03) | 39.36877 | 6.08618 
(10.94, 12.57, -14.43) | 39.54845 | 6.104351 
(10.27, 12.39, -14.82) | 39.71015 | 6.122693 
(9.60, 12.21, -15.19) | 39.7596 | 6.140772 
(8.90, 12.04, -15.56) | 40.16555 | 6.16506 
(8.18, 11.89, -15.90) | 40.56954 | 6.188051 
(7.44, 11.75, -16.23) | 40.96928 | 6.201433 
(6.69, 11.62, -16.54) | 41.36268 | 6.230544 
(5.92, 11.50, -16.84) | 41.74786 | 6.243878 
(5.13, 11.40, -17.11) | 42.12314 | 6.266911 
(4.32, 11.31, -17.37) | 42.48706 | 6.280189 
(3.50, 11.23, -17.61) | 42.83838 | 6.30314 
(2.67, 11.17, -17.82) | 43.17605 | 6.322606 
(1.82, 11.12, -18.02) | 43.49921 | 6.346872 
(0.96, 11.08, -18.19) | 43.80717 | 6.369924 
(0.09, 11.05, -18.34) | 44.0994 | 6.381011 
(-0.78, 11.03, -18.46) | 44.37551 | 6.401376 
(-1.67, 11.03, -18.56) | 44.63528 | 6.42561 
(-2.57, 11.04, -18.64) | 44.87858 | 6.443823 
(-3.47, 11.06, -18.69) | 45.10546 | 6.462019 
(-4.37, 11.10, -18.71) | 45.3161 | 6.480169 
(-5.27, 11.13, -18.72) | 45.05377 | 6.504487 
(-6.17, 11.16, -18.70) | 44.76475 | 6.522122 
(-7.05, 11.20, -18.66) | 44.44981 | 6.540825 
(-7.93, 11.23, -18.61) | 44.10985 | 6.5695 
(-8.80, 11.26, -18.53) | 43.74594 | 6.583239 
(-9.66, 11.29, -18.43) | 43.35927 | 6.606397 
(-10.51, 11.32, -18.31) | 42.95116 | 6.625649 
(-11.35, 11.36, -18.16) | 42.52303 | 6.642663 
(-12.18, 11.39, -18.00) | 42.07639 | 6.662089 
(-12.99, 11.42, -17.82) | 41.61282 | 6.684037 
(-13.79, 11.45, -17.62) | 41.13394 | 6.701854 
(-14.57, 11.48, -17.40) | 40.64143 | 6.728778 
(-15.33, 11.50, -17.16) | 40.13707 | 6.740894 
(-16.08, 11.53, -16.90) | 39.62268 | 6.765073 
(-16.81, 11.56, -16.62) | 39.10022 | 6.783296 
(-17.52, 11.58, -16.32) | 38.5718 | 6.801397 
(-18.21, 11.61, -16.00) | 38.03964 | 6.824194 
(-18.88, 11.63, -15.67) | 37.50612 | 6.843793 
(-19.53, 11.66, -15.31) | 36.97371 | 6.862053 
(-20.16, 11.68, -14.95) | 36.44492 | 6.880275 
(-20.77, 11.70, -14.56) | 35.92231 | 6.909104 
(-21.35, 11.72, -14.16) | 35.40839 | 6.922639 
(-21.91, 11.74, -13.74) | 34.90564 | 6.945486 
(-22.44, 11.76, -13.30) | 34.41649 | 6.965188 
(-22.95, 11.77, -12.85) | 33.94333 | 6.986786 
(-23.43, 11.79, -12.39) | 33.48853 | 7.001432 
(-23.89, 11.80, -11.91) | 33.05451 | 7.024102 
(-24.32, 11.81, -11.42) | 32.64371 | 7.043805 
(-24.73, 11.82, -10.92) | 32.25865 | 7.060584 
(-25.11, 11.83, -10.41) | 31.90185 | 7.080167 
(-25.45, 11.84, -9.88) | 31.57581 | 7.104558 
(-25.78, 11.85, -9.35) | 31.28293 | 7.129196 
(-26.07, 11.85, -8.80) | 31.02543 | 7.142627 
(-26.34, 11.86, -8.24) | 30.80527 | 7.165135 
(-26.57, 11.86, -7.68) | 30.62412 | 7.183327 
(-26.78, 11.86, -7.10) | 30.48335 | 7.201537 
(-26.96, 11.86, -6.52) | 30.38398 | 7.22579 
(-27.11, 11.86, -5.94) | 30.32669 | 7.249092 
(-27.23, 11.85, -5.34) | 30.31182 | 7.262071 
(-27.32, 11.85, -4.74) | 30.33934 | 7.281143 
(-27.38, 11.84, -4.14) | 30.4088 | 7.304496 
(-27.41, 11.83, -3.53) | 30.51939 | 7.327261 
(-27.42, 11.82, -2.91) | 30.66984 | 7.340782 
(-27.39, 11.81, -2.30) | 30.85851 | 7.363626 
(-27.33, 11.79, -1.68) | 31.08337 | 7.38335 
(-27.25, 11.78, -1.06) | 31.34214 | 7.400267 
(-27.14, 11.76, -0.44) | 31.63228 | 7.430972 
(-26.99, 11.74, 0.19) | 31.95113 | 7.442348 
(-26.82, 11.72, 0.81) | 32.29599 | 7.465648 
(-26.62, 11.69, 1.43) | 32.66412 | 7.480429 
(-26.40, 11.67, 2.05) | 33.05285 | 7.504368 
(-26.14, 11.64, 2.67) | 33.45956 | 7.522617 
(-25.86, 11.62, 3.29) | 33.88174 | 7.540875 
(-25.55, 11.59, 3.90) | 34.31696 | 7.564969 
(-25.22, 11.55, 4.51) | 34.76287 | 7.582044 
(-24.86, 11.52, 5.11) | 35.21719 | 7.601365 
(-24.47, 11.48, 5.71) | 35.67775 | 7.630309 
(-24.05, 11.45, 6.30) | 36.14241 | 7.644067 
(-23.62, 11.41, 6.88) | 36.60916 | 7.667069 
(-23.15, 11.37, 7.46) | 37.07608 | 7.680324 
(-22.67, 11.33, 8.03) | 37.54135 | 7.70366 
(-22.16, 11.28, 8.59) | 38.00329 | 7.722741 
(-21.62, 11.24, 9.15) | 38.46032 | 7.74942 
(-21.07, 11.19, 9.69) | 38.91099 | 7.765149 
(-20.49, 11.14, 10.22) | 39.35393 | 7.781987 
(-19.89, 11.09, 10.75) | 39.78785 | 7.801456 
(-19.27, 11.04, 11.26) | 40.21148 | 7.825596 
(-18.64, 10.99, 11.76) | 40.6236 | 7.843871 
(-17.98, 10.94, 12.25) | 41.02298 | 7.86193 
(-17.30, 10.88, 12.72) | 41.40842 | 7.884938 
(-16.61, 10.83, 13.18) | 41.77872 | 7.904378 
(-15.90, 10.77, 13.63) | 42.13272 | 7.922584 
(-15.17, 10.71, 14.07) | 42.46933 | 7.940718 
(-14.43, 10.66, 14.49) | 42.78752 | 7.96975 
(-13.67, 10.60, 14.89) | 43.08633 | 7.983221 
(-12.90, 10.54, 15.28) | 43.3649 | 8.006194 
(-12.11, 10.48, 15.65) | 43.62245 | 8.025722 
(-11.31, 10.42, 16.01) | 43.85824 | 8.047508 
(-10.50, 10.36, 16.35) | 44.07164 | 8.062041 
(-9.68, 10.30, 16.68) | 44.26205 | 8.085083 
(-8.85, 10.24, 16.99) | 44.35048 | 8.104444 
(-8.00, 10.19, 17.28) | 44.94424 | 8.121378 
(-7.14, 10.16, 17.56) | 45.52147 | 8.140855 
(-6.25, 10.14, 17.82) | 46.08045 | 8.165039 
(-5.35, 10.13, 18.07) | 46.61956 | 8.188442 
(-4.44, 10.13, 18.29) | 47.13733 | 8.20784 
(-3.51, 10.14, 18.49) | 47.63242 | 8.225695 
(-2.56, 10.16, 18.67) | 48.10364 | 8.243887 
(-1.60, 10.19, 18.83) | 48.54996 | 8.261986 
(-0.63, 10.24, 18.96) | 48.97054 | 8.280244 
(0.34, 10.30, 19.08) | 49.36467 | 8.30899 
(1.33, 10.37, 19.16) | 49.73185 | 8.322698 
(2.33, 10.45, 19.23) | 50.07178 | 8.340216 
(3.32, 10.53, 19.27) | 49.8842 | 8.362104 
(4.31, 10.61, 19.29) | 49.66272 | 8.38823 
(5.30, 10.69, 19.29) | 49.4077 | 8.401553 
(6.28, 10.77, 19.27) | 49.1197 | 8.424175 
(7.25, 10.85, 19.22) | 48.79946 | 8.443677 
(8.21, 10.92, 19.16) | 48.44793 | 8.460783 
(9.17, 11.00, 19.07) | 48.06622 | 8.480277 
(10.11, 11.07, 18.96) | 47.6556 | 8.502036 
(11.04, 11.15, 18.83) | 47.21748 | 8.522648 
(11.96, 11.22, 18.68) | 46.75339 | 8.546862 
(12.87, 11.29, 18.51) | 46.26491 | 8.56501 
(13.76, 11.36, 18.32) | 45.75372 | 8.58323 
(14.64, 11.43, 18.10) | 45.22157 | 8.601481 
(15.50, 11.49, 17.87) | 44.67028 | 8.625644 
(16.34, 11.56, 17.62) | 44.10175 | 8.642391 
(17.16, 11.62, 17.34) | 43.51801 | 8.662058 
(17.97, 11.68, 17.05) | 42.92118 | 8.680303 
(18.75, 11.74, 16.73) | 42.31353 | 8.70445 
(19.51, 11.80, 16.40) | 41.69743 | 8.727217 
(20.25, 11.86, 16.05) | 41.07538 | 8.740873 
(20.97, 11.91, 15.68) | 40.44991 | 8.763966 
(21.67, 11.96, 15.29) | 39.82365 | 8.783293 
(22.34, 12.01, 14.89) | 39.19922 | 8.805122 
(22.98, 12.06, 14.47) | 38.57929 | 8.825794 
(23.60, 12.11, 14.03) | 37.96656 | 8.842861 
(24.19, 12.15, 13.58) | 37.36378 | 8.862084 
(24.76, 12.19, 13.11) | 36.77383 | 8.886426 
(25.30, 12.23, 12.63) | 36.1997 | 8.904472 
(25.81, 12.26, 12.13) | 35.64455 | 8.922747 
(26.29, 12.29, 11.62) | 35.1117 | 8.947309 
(26.74, 12.32, 11.10) | 34.60458 | 8.960061 
(27.16, 12.35, 10.56) | 34.12666 | 8.9833 
(27.55, 12.37, 10.01) | 33.68137 | 9.001539 
(27.91, 12.39, 9.45) | 33.272 | 9.03166 
(28.25, 12.41, 8.89) | 32.90167 | 9.044118 
(28.55, 12.42, 8.31) | 32.5732 | 9.066453 
(28.81, 12.44, 7.72) | 32.28914 | 9.080319 
(29.05, 12.44, 7.13) | 32.05169 | 9.111688 
(29.26, 12.45, 6.52) | 31.86268 | 9.12271 
(29.43, 12.45, 5.91) | 31.7235 | 9.145365 
(29.57, 12.45, 5.30) | 31.6351 | 9.165068 
(29.68, 12.45, 4.67) | 31.59792 | 9.18217 
(29.76, 12.44, 4.05) | 31.61185 | 9.201571 
(29.81, 12.43, 3.41) | 31.67622 | 9.225874 
(29.82, 12.42, 2.78) | 31.78983 | 9.248373 
(29.81, 12.40, 2.14) | 31.95102 | 9.268025 
(29.76, 12.38, 1.50) | 32.15765 | 9.280235 
(29.68, 12.36, 0.86) | 32.40731 | 9.302415 
(29.56, 12.34, 0.21) | 32.6973 | 9.322586 
(29.42, 12.31, -0.43) | 33.02477 | 9.341694 
(29.24, 12.28, -1.07) | 33.38677 | 9.37007 
(29.04, 12.24, -1.72) | 33.78028 | 9.383291 
(28.80, 12.20, -2.36) | 34.20229 | 9.400131 
(28.53, 12.16, -3.00) | 34.64975 | 9.42572 
(28.24, 12.12, -3.63) | 35.11967 | 9.448731 
(27.91, 12.07, -4.26) | 35.60905 | 9.462014 
(27.56, 12.02, -4.89) | 36.11494 | 9.485185 
(27.17, 11.96, -5.51) | 36.63449 | 9.504447 
(26.76, 11.90, -6.13) | 37.16488 | 9.521499 
(26.32, 11.84, -6.74) | 37.70343 | 9.540971 
(25.85, 11.78, -7.34) | 38.24762 | 9.562363 
(25.36, 11.72, -7.93) | 38.79504 | 9.583183 
(24.84, 11.65, -8.52) | 39.34344 | 9.607487 
(24.29, 11.57, -9.10) | 39.89072 | 9.625602 
(23.72, 11.50, -9.66) | 40.43487 | 9.643874 
(23.13, 11.42, -10.22) | 40.97399 | 9.662065 
(22.51, 11.34, -10.77) | 41.50626 | 9.680193 
(21.87, 11.26, -11.31) | 42.0299 | 9.70323 
(21.20, 11.18, -11.83) | 42.54319 | 9.722621 
(20.52, 11.09, -12.34) | 43.04448 | 9.740966 
(19.81, 11.00, -12.84) | 43.53217 | 9.765159 
(19.08, 10.91, -13.33) | 44.00476 | 9.787672 
(18.33, 10.82, -13.81) | 44.46085 | 9.801464 
(17.57, 10.73, -14.26) | 44.89914 | 9.824385 
(16.78, 10.63, -14.71) | 45.31842 | 9.84398 
(15.98, 10.53, -15.14) | 45.71762 | 9.865741 
(15.17, 10.43, -15.55) | 46.09573 | 9.88022 
(14.33, 10.33, -15.95) | 46.45179 | 9.903129 
(13.48, 10.23, -16.33) | 46.78495 | 9.92265 
(12.62, 10.13, -16.70) | 47.09436 | 9.946846 
(11.75, 10.02, -17.04) | 47.37923 | 9.965063 
(10.86, 9.92, -17.37) | 47.63876 | 9.98321 
(9.96, 9.81, -17.68) | 47.87223 | 10.00625 
(9.05, 9.71, -17.98) | 48.07893 | 10.02565 
(8.13, 9.60, -18.25) | 48.25821 | 10.04385 
(7.20, 9.49, -18.51) | 48.40945 | 10.06208 
(6.27, 9.38, -18.74) | 48.53212 | 10.08023 
(5.33, 9.28, -18.96) | 48.56807 | 10.10487 
(4.37, 9.19, -19.16) | 49.05179 | 10.12727 
(3.40, 9.11, -19.34) | 49.5127 | 10.14096 
(2.42, 9.03, -19.50) | 49.94923 | 10.17089 
(1.42, 8.97, -19.63) | 50.35997 | 10.18336 
(0.41, 8.92, -19.75) | 50.74367 | 10.20611 
(-0.61, 8.89, -19.83) | 51.09925 | 10.22576 
(-1.63, 8.86, -19.89) | 51.42588 | 10.24261 
(-2.67, 8.84, -19.93) | 51.72295 | 10.26204 
(-3.70, 8.84, -19.94) | 51.99016 | 10.28686 
(-4.74, 8.83, -19.93) | 51.78111 | 10.30952 
(-5.77, 8.82, -19.90) | 51.53688 | 10.32105 
(-6.79, 8.81, -19.84) | 51.25825 | 10.3409 
(-7.81, 8.80, -19.76) | 50.94616 | 10.36511 
(-8.82, 8.79, -19.66) | 50.60171 | 10.38329 
(-9.81, 8.78, -19.54) | 50.22612 | 10.40181 
(-10.80, 8.77, -19.39) | 49.82068 | 10.43034 
(-11.77, 8.76, -19.22) | 49.38675 | 10.44388 
(-12.73, 8.74, -19.03) | 48.92575 | 10.46051 
(-13.68, 8.73, -18.82) | 48.43914 | 10.48021 
(-14.61, 8.71, -18.59) | 47.92844 | 10.50909 
(-15.52, 8.70, -18.34) | 47.39529 | 10.52264 
(-16.42, 8.68, -18.06) | 46.84146 | 10.54548 
(-17.29, 8.66, -17.77) | 46.26886 | 10.56502 
(-18.15, 8.65, -17.45) | 45.67955 | 10.58676 
(-18.99, 8.63, -17.12) | 45.07575 | 10.60155 
(-19.80, 8.61, -16.76) | 44.45973 | 10.62314 
(-20.60, 8.59, -16.39) | 43.83384 | 10.64385 
(-21.36, 8.57, -16.00) | 43.20043 | 10.66063 
(-22.11, 8.55, -15.58) | 42.56183 | 10.68019 
(-22.83, 8.52, -15.16) | 41.9204 | 10.70446 
(-23.52, 8.50, -14.71) | 41.27849 | 10.72259 
(-24.19, 8.48, -14.25) | 40.63859 | 10.74081 
(-24.83, 8.45, -13.77) | 40.00335 | 10.76369 
(-25.44, 8.43, -13.27) | 39.37569 | 10.78321 
(-26.03, 8.40, -12.76) | 38.75882 | 10.80138 
(-26.58, 8.38, -12.24) | 38.15625 | 10.82578 
(-27.11, 8.35, -11.70) | 37.57168 | 10.84864 
(-27.60, 8.32, -11.15) | 37.00889 | 10.86208 
(-28.06, 8.30, -10.59) | 36.47167 | 10.88491 
(-28.50, 8.27, -10.02) | 35.96368 | 10.90454 
(-28.90, 8.24, -9.43) | 35.48846 | 10.92635 
(-29.27, 8.21, -8.83) | 35.04932 | 10.94093 
(-29.60, 8.18, -8.23) | 34.64936 | 10.97118 
(-29.91, 8.15, -7.62) | 34.29148 | 10.98326 
(-30.21, 8.11, -7.00) | 34.30076 | 11.00255 
(-30.52, 8.08, -6.39) | 34.31117 | 11.02662 
(-30.82, 8.03, -5.77) | 34.32269 | 11.04388 
(-31.12, 7.99, -5.16) | 34.33533 | 11.07054 
(-31.43, 7.94, -4.55) | 34.34909 | 11.08032 
(-31.73, 7.88, -3.93) | 34.36397 | 11.10462 
(-32.04, 7.83, -3.32) | 34.37995 | 11.12262 
(-32.34, 7.76, -2.70) | 34.39705 | 11.14083 
(-32.64, 7.70, -2.09) | 34.41526 | 11.16849 
(-32.95, 7.63, -1.48) | 34.43457 | 11.18332 
(-33.25, 7.55, -0.86) | 34.45499 | 11.20487 
(-33.56, 7.48, -0.25) | 34.47652 | 11.22268 
(-33.86, 7.39, 0.37) | 34.49915 | 11.24095 
(-34.16, 7.31, 0.98) | 34.52288 | 11.26208 
(-34.47, 7.22, 1.59) | 34.54771 | 11.28641 
(-34.77, 7.13, 2.21) | 34.57363 | 11.30449 
(-35.08, 7.03, 2.82) | 34.60065 | 11.32257 
(-35.38, 6.93, 3.44) | 34.62875 | 11.3408 
(-35.68, 6.82, 4.05) | 34.65795 | 11.36213 
(-35.99, 6.71, 4.66) | 34.68823 | 11.38111 
(-36.29, 6.60, 5.28) | 34.71959 | 11.40147 
(-36.60, 6.48, 5.89) | 34.75203 | 11.42914 
(-36.90, 6.36, 6.51) | 34.78555 | 11.44388 
(-37.20, 6.24, 7.12) | 34.82014 | 11.46554 
(-37.51, 6.11, 7.73) | 34.8558 | 11.48021 
(-37.81, 5.98, 8.35) | 34.89253 | 11.50185 
(-38.12, 5.84, 8.96) | 34.93032 | 11.52343 
(-38.42, 5.70, 9.58) | 34.96917 | 11.54534 
(-38.72, 5.56, 10.19) | 35.00908 | 11.56626 
(-39.03, 5.41, 10.80) | 35.05004 | 11.58234 
(-39.33, 5.26, 11.42) | 35.09205 | 11.60207 
(-39.64, 5.10, 12.03) | 35.13511 | 11.62629 
(-39.94, 4.94, 12.65) | 35.1792 | 11.64468 
(-40.24, 4.78, 13.26) | 35.22434 | 11.66273 
(-40.55, 4.61, 13.87) | 35.27051 | 11.68511 
(-40.85, 4.44, 14.49) | 35.3177 | 11.70574 
(-41.16, 4.26, 15.10) | 35.36593 | 11.72332 
(-41.46, 4.08, 15.72) | 35.41517 | 11.7415 
(-41.76, 3.90, 16.33) | 35.46544 | 11.76876 
(-42.07, 3.71, 16.94) | 35.51671 | 11.78333 
(-42.37, 3.52, 17.56) | 35.56899 | 11.80623 
(-42.68, 3.32, 18.17) | 35.62228 | 11.82061 
(-42.98, 3.12, 18.79) | 35.67656 | 11.84669 
(-43.28, 2.92, 19.40) | 35.73185 | 11.86207 
(-43.59, 2.71, 20.01) | 35.78812 | 11.88335 
(-43.89, 2.50, 20.63) | 35.84537 | 11.90442 
(-44.20, 2.29, 21.24) | 35.90361 | 11.92873 
(-44.50, 2.07, 21.86) | 35.96283 | 11.9409 
(-44.80, 1.85, 22.47) | 36.02301 | 11.96508 
(-45.11, 1.62, 23.08) | 36.08416 | 11.98662 
(-45.41, 1.39, 23.70) | 36.14627 | 12.00144 
(-45.72, 1.15, 24.31) | 36.20934 | 12.02562 
(-46.02, 0.92, 24.93) | 36.27337 | 12.04382 
(-46.32, 0.67, 25.54) | 36.33833 | 12.06193 
(-46.63, 0.43, 26.15) | 36.40424 | 12.0809 
(-46.93, 0.18, 26.77) | 36.47109 | 12.10941 
(-47.24, -0.08, 27.38) | 36.53886 | 12.12333 
(-47.54, -0.33, 28.00) | 36.60757 | 12.14829 
(-47.84, -0.60, 28.61) | 36.67719 | 12.16513 
(-48.15, -0.86, 29.22) | 36.74773 | 12.18681 
(-48.45, -1.13, 29.84) | 36.81918 | 12.20153 
(-48.76, -1.41, 30.45) | 36.89154 | 12.22309 
(-49.06, -1.68, 31.07) | 36.96479 | 12.24383 
(-49.36, -1.97, 31.68) | 37.03894 | 12.26821 
(-49.67, -2.25, 32.29) | 37.11398 | 12.28027 
(-49.97, -2.54, 32.91) | 37.1899 | 12.30452 
(-50.28, -2.83, 33.52) | 37.2667 | 12.32271 
(-50.58, -3.13, 34.14) | 37.34437 | 12.34686 
(-50.88, -3.43, 34.75) | 37.42291 | 12.36516 
(-51.19, -3.74, 35.36) | 37.50232 | 12.3833 
(-51.49, -4.05, 35.98) | 37.58257 | 12.40142 
(-51.80, -4.36, 36.59) | 37.66368 | 12.42574 
(-52.10, -4.68, 37.21) | 37.74564 | 12.44142 
(-52.40, -5.00, 37.82) | 37.82843 | 12.46203 
(-52.71, -5.32, 38.43) | 37.91206 | 12.48023 
(-53.01, -5.65, 39.05) | 37.99652 | 12.50446 
(-53.32, -5.98, 39.66) | 38.08181 | 12.52694 
(-53.62, -6.32, 40.28) | 38.16791 | 12.54099 
(-53.92, -6.66, 40.89) | 38.25482 | 12.56322 
(-54.23, -7.01, 41.50) | 38.34254 | 12.58354 
(-54.53, -7.35, 42.12) | 38.43106 | 12.60426 
(-54.84, -7.71, 42.73) | 38.52038 | 12.62038 
(-55.14, -8.06, 43.35) | 38.61049 | 12.64231 
(-55.44, -8.42, 43.96) | 38.70138 | 12.66114 
(-55.75, -8.79, 44.57) | 38.79305 | 12.68089 
(-56.05, -9.15, 45.19) | 38.88549 | 12.70914 
(-56.36, -9.53, 45.80) | 38.97871 | 12.72287 
(-56.66, -9.90, 46.42) | 39.07269 | 12.74553 
(-56.96, -10.28, 47.03) | 39.16742 | 12.76539 
(-57.27, -10.67, 47.64) | 39.26291 | 12.78136 
(-57.57, -11.05, 48.26) | 39.35914 | 12.80195 
(-57.88, -11.44, 48.87) | 39.45611 | 12.82629 
(-58.18, -11.84, 49.49) | 39.55382 | 12.84457 
(-58.48, -12.24, 50.10) | 39.65226 | 12.8629 
(-58.79, -12.64, 50.72) | 39.75142 | 12.88117 
(-59.09, -13.05, 51.33) | 39.8513 | 12.90433 
(-59.40, -13.46, 51.94) | 39.9519 | 12.92765 
(-59.70, -13.88, 52.56) | 40.0532 | 12.9417 
(-60.00, -14.30, 53.17) | 40.15521 | 12.96447 
(-60.31, -14.72, 53.79) | 40.25792 | 12.98438 
(-60.61, -15.15, 54.40) | 40.36132 | 13.0008 
(-60.92, -15.58, 55.01) | 40.4654 | 13.02029 
(-61.22, -16.01, 55.63) | 40.57017 | 13.0447 
(-61.52, -16.45, 56.24) | 40.67561 | 13.0628 
(-61.83, -16.89, 56.86) | 40.78173 | 13.08148 
(-62.13, -17.34, 57.47) | 40.8885 | 13.11022 
(-62.44, -17.79, 58.08) | 40.99595 | 13.12334 
(-62.74, -18.24, 58.70) | 41.10405 | 13.1461 
(-63.04, -18.70, 59.31) | 41.21279 | 13.16576 
(-63.35, -19.16, 59.93) | 41.32219 | 13.18205 
(-63.65, -19.63, 60.54) | 41.43222 | 13.20641 
(-63.96, -20.10, 61.15) | 41.54289 | 13.22625 
(-64.26, -20.57, 61.77) | 41.65419 | 13.24449 
(-64.56, -21.05, 62.38) | 41.76611 | 13.26272 
(-64.87, -21.53, 63.00) | 41.87865 | 13.28037 
(-65.17, -22.02, 63.61) | 41.99181 | 13.30458 
(-65.48, -22.51, 64.22) | 42.10558 | 13.32587 
(-65.78, -23.00, 64.84) | 42.21996 | 13.34083 
(-66.08, -23.50, 65.45) | 42.33493 | 13.36583 
(-66.39, -24.00, 66.07) | 42.4505 | 13.38334 
(-66.69, -24.51, 66.68) | 42.56666 | 13.41109 
(-67.00, -25.01, 67.29) | 42.68341 | 13.42581 
(-67.30, -25.53, 67.91) | 42.80073 | 13.44387 
(-67.60, -26.05, 68.52) | 42.91864 | 13.46202 
(-67.91, -26.57, 69.14) | 43.03711 | 13.48027 
(-68.21, -27.09, 69.75) | 43.15615 | 13.50848 
(-68.52, -27.62, 70.36) | 43.27576 | 13.52347 
(-68.82, -28.15, 70.98) | 43.39592 | 13.54545 
(-69.12, -28.69, 71.59) | 43.51663 | 13.56597 
(-69.43, -29.23, 72.21) | 43.63789 | 13.5823 
(-69.73, -29.77, 72.82) | 43.7597 | 13.60227 
(-70.04, -30.32, 73.43) | 43.88204 | 13.62644 
(-70.34, -30.88, 74.05) | 44.00492 | 13.64472 
(-70.64, -31.43, 74.66) | 44.12833 | 13.66548 
(-70.95, -31.99, 75.28) | 44.25227 | 13.68123 
(-71.25, -32.56, 75.89) | 44.37672 | 13.7054 
(-71.56, -33.12, 76.50) | 44.5017 | 13.72723 
(-71.86, -33.70, 77.12) | 44.62718 | 13.74166 
(-72.16, -34.27, 77.73) | 44.75318 | 13.76323 
(-72.47, -34.85, 78.35) | 44.87968 | 13.78447 
(-72.77, -35.44, 78.96) | 45.00667 | 13.80841 
(-73.08, -36.02, 79.57) | 45.13417 | 13.82649 
(-73.38, -36.62, 80.19) | 45.26215 | 13.84468 
(-73.68, -37.21, 80.80) | 45.39063 | 13.86277 
(-73.99, -37.81, 81.42) | 45.51958 | 13.88151 
(-74.29, -38.41, 82.03) | 45.64901 | 13.91029 
(-74.60, -39.02, 82.64) | 45.77892 | 13.92348 
(-74.90, -39.63, 83.26) | 45.9093 | 13.94655 
(-75.20, -40.25, 83.87) | 46.04015 | 13.9706 
(-75.51, -40.87, 84.49) | 46.17146 | 13.98129 
(-75.81, -41.49, 85.10) | 46.30323 | 14.00274 
(-76.12, -42.12, 85.71) | 46.43545 | 14.02695 
(-76.42, -42.75, 86.33) | 46.56813 | 14.04473 
(-76.72, -43.38, 86.94) | 46.70125 | 14.06285 
(-77.03, -44.02, 87.56) | 46.83482 | 14.08106 
(-77.33, -44.66, 88.17) | 46.96882 | 14.10535 
(-77.64, -45.31, 88.78) | 47.10326 | 14.12229 
(-77.94, -45.96, 89.40) | 47.23814 | 14.14154 
(-78.24, -46.62, 90.01) | 47.37344 | 14.17076 
(-78.55, -47.27, 90.63) | 47.50917 | 14.18414 
(-78.85, -47.94, 91.24) | 47.64532 | 14.20626 
(-79.16, -48.60, 91.85) | 47.78189 | 14.22041 
(-79.46, -49.27, 92.47) | 47.91887 | 14.24306 
(-79.76, -49.95, 93.08) | 48.05626 | 14.26283 
(-80.07, -50.62, 93.70) | 48.19407 | 14.28449 
(-80.37, -51.31, 94.31) | 48.33227 | 14.30512 
(-80.68, -51.99, 94.92) | 48.47087 | 14.32139 
(-80.98, -52.68, 95.54) | 48.60987 | 14.34149 
(-81.28, -53.38, 96.15) | 48.74926 | 14.36575 
(-81.59, -54.07, 96.77) | 48.88905 | 14.38412 
(-81.89, -54.77, 97.38) | 49.02922 | 14.40198 
(-82.20, -55.48, 97.99) | 49.16977 | 14.42442 
(-82.50, -56.19, 98.61) | 49.3107 | 14.4446 
(-82.81, -56.90, 99.22) | 49.45201 | 14.4633 
(-83.11, -57.62, 99.84) | 49.5937 | 14.48077 
(-83.41, -58.34, 100.45) | 49.73575 | 14.50794 
(-83.72, -59.07, 101.06) | 49.87817 | 14.52269 
(-84.02, -59.79, 101.68) | 50.02096 | 14.54475 
(-84.33, -60.53, 102.29) | 50.1641 | 14.56524 
(-84.63, -61.26, 102.91) | 50.30761 | 14.58609 
(-84.93, -62.01, 103.52) | 50.45147 | 14.60203 
(-85.24, -62.75, 104.13) | 50.59568 | 14.62414 
(-85.54, -63.50, 104.75) | 50.74024 | 14.64388 
(-85.85, -64.25, 105.36) | 50.88514 | 14.66817 
(-86.15, -65.01, 105.98) | 51.03039 | 14.68013 
(-86.45, -65.77, 106.59) | 51.17598 | 14.70448 
(-86.76, -66.53, 107.20) | 51.3219 | 14.72606 
(-87.06, -67.30, 107.82) | 51.46816 | 14.74089 
(-87.37, -68.07, 108.43) | 51.61475 | 14.76834 
(-87.67, -68.85, 109.05) | 51.76167 | 14.78331 
(-87.97, -69.63, 109.66) | 51.90892 | 14.80469 
(-88.28, -70.41, 110.27) | 52.05649 | 14.82583 
(-88.58, -71.20, 110.89) | 52.20438 | 14.84113 
(-88.89, -71.99, 111.50) | 52.35258 | 14.86211 
(-89.19, -72.79, 112.12) | 52.5011 | 14.88627 
(-89.49, -73.59, 112.73) | 52.64994 | 14.90451 
(-89.80, -74.39, 113.34) | 52.79908 | 14.92268 
(-90.10, -75.20, 113.96) | 52.94853 | 14.94088 
(-90.41, -76.01, 114.57) | 53.09828 | 14.96515 
(-90.71, -76.82, 115.19) | 53.24834 | 14.98673 
(-91.01, -77.64, 115.80) | 53.39869 | 15.00157 
(-91.32, -78.47, 116.41) | 53.54934 | 15.02321 
(-91.62, -79.29, 117.03) | 53.70029 | 15.04402 
(-91.93, -80.13, 117.64) | 53.85152 | 15.06813 
(-92.23, -80.96, 118.26) | 54.00305 | 15.08022 
(-92.53, -81.80, 118.87) | 54.15487 | 15.10453 
(-92.84, -82.64, 119.48) | 54.30696 | 15.12268 
(-93.14, -83.49, 120.10) | 54.45934 | 15.14084 
(-93.45, -84.34, 120.71) | 54.612 | 15.16914 
(-93.75, -85.19, 121.33) | 54.76494 | 15.18696 
(-94.05, -86.05, 121.94) | 54.91815 | 15.20492 
(-94.36, -86.91, 122.55) | 55.07164 | 15.2257 
(-94.66, -87.78, 123.17) | 55.2254 | 15.24111 
(-94.97, -88.65, 123.78) | 55.37942 | 15.2621 
(-95.27, -89.53, 124.40) | 55.53371 | 15.28634 
(-95.57, -90.40, 125.01) | 55.68826 | 15.30449 
(-95.88, -91.29, 125.62) | 55.84307 | 15.32264 
(-96.18, -92.17, 126.24) | 55.99815 | 15.34737 
(-96.49, -93.06, 126.85) | 56.15348 | 15.3651 
(-96.79, -93.96, 127.47) | 56.30907 | 15.3807 
(-97.09, -94.85, 128.08) | 56.46491 | 15.40616 
(-97.40, -95.75, 128.69) | 56.621 | 15.42577 
(-97.70, -96.66, 129.31) | 56.77734 | 15.4439 
(-98.01, -97.57, 129.92) | 56.93393 | 15.46213 
(-98.31, -98.48, 130.54) | 57.09076 | 15.48033 
(-98.61, -99.40, 131.15) | 57.24783 | 15.50465 
(-98.92, -100.32, 131.76) | 57.40515 | 15.52611 
(-99.22, -101.25, 132.38) | 57.5627 | 15.54085 
(-99.53, -102.18, 132.99) | 57.72049 | 15.56244 
(-99.83, -103.11, 133.61) | 57.87852 | 15.58325 
(-100.13, -104.05, 134.22) | 58.03677 | 15.60757 
(-100.44, -104.99, 134.83) | 58.19527 | 15.62566 
(-100.74, -105.93, 135.45) | 58.35398 | 15.64509 
(-101.05, -106.88, 136.06) | 58.51293 | 15.66215 
(-101.35, -107.83, 136.68) | 58.6721 | 15.68024 
(-101.65, -108.79, 137.29) | 58.8315 | 15.70779 
(-101.96, -109.75, 137.90) | 58.99112 | 15.72271 
(-102.26, -110.71, 138.52) | 59.15095 | 15.74414 
(-102.57, -111.68, 139.13) | 59.31101 | 15.7653 
(-102.87, -112.65, 139.75) | 59.47128 | 15.78184 
(-103.17, -113.63, 140.36) | 59.63177 | 15.80752 
(-103.48, -114.61, 140.98) | 59.79247 | 15.82569 
(-103.78, -115.60, 141.59) | 59.95338 | 15.84393 
(-104.09, -116.58, 142.20) | 60.1145 | 15.86212 
(-104.39, -117.58, 142.82) | 60.27583 | 15.88031 
(-104.69, -118.57, 143.43) | 60.43736 | 15.90457 
(-105.00, -119.57, 144.05) | 60.5991 | 15.92573 
(-105.30, -120.57, 144.66) | 60.76105 | 15.94102 
(-105.61, -121.58, 145.27) | 60.92319 | 15.96517 
(-105.91, -122.59, 145.89) | 61.08553 | 15.98326 
(-106.21, -123.61, 146.50) | 61.24808 | 16.00758 
(-106.52, -124.63, 147.12) | 61.41082 | 16.02563 
(-106.82, -125.65, 147.73) | 61.57375 | 16.04405 
(-107.13, -126.68, 148.34) | 61.73688 | 16.06203 
(-107.43, -127.71, 148.96) | 61.9002 | 16.08024 
(-107.73, -128.74, 149.57) | 62.06371 | 16.10215 
(-108.04, -129.78, 150.19) | 62.22741 | 16.12273 
(-108.34, -130.83, 150.80) | 62.39129 | 16.14086 
(-108.65, -131.87, 151.41) | 62.55537 | 16.16547 
(-108.95, -132.92, 152.03) | 62.7